0.41648505033329275 0.1113200864834295
0.776407094858636 0.2985266156509102
0.6743175124910333 0.14356151130358275
0.04480843871917006 0.359062140448422
0.9158834402470656 0.19811949276116048
0.16462480079879072 0.5266218593440791
0.2127343188429578 0.6849392470413345
0.6398230100779408 0.5076036662996575
0.10331466959081759 0.21036013139244336
0.5884615486154272 0.6916584891105628
0.9746769621625789 0.1482859478433869
0.7805420093403471 0.06251340422230112
0.805281672794339 0.1483916863072544
0.13975151312440826 0.7498885614998735
0.2170058619402303 0.41503423935384265
0.7075185020596664 0.3042858488249338
0.9221141316387794 0.5104964950160318
0.55386982649784 0.4559322454260295
0.037126703656043314 0.7749835972168883
0.8237846243327219 0.3011351163105107
0.1780134563977408 0.34660900098290737
0.1364282362434891 0.7051870963712477
0.16013519484769012 0.00011057041246254062
0.5281269682296665 0.4505121415612454
0.0508555825187067 0.9401169755866725
0.42611227124503925 0.18190500007826205
0.5938489613404465 0.12314161683168356
0.8205082605309588 0.06054565121516953
0.7332053246133655 0.988347173549011
0.3634591144615391 0.7565193553911577
0.44644831200400314 0.8939802564715064
0.33677430384793805 0.26425717937103077
