2.6998128296788186 2.353596506551981
-0.12759942685959494 -0.19914835125491304
0.09347331961737174 0.3822372491853287
-0.38582005902904576 -0.20351968432904768
-0.41490325578559334 -0.47438918355106047
-0.37223669625319633 -0.16916835669057723
0.5137521576951908 -0.48944272230799646
0.17134351252204807 -0.1925487147188066
0.5064976838894311 0.31863924495831064
-0.5518977744210667 -0.2944347455532894
0.09945558242395676 -0.2852029908979701
-0.05583441970582502 -0.07187526804430679
-0.4514105620565108 0.05700423587824831
0.0809886004037298 -0.03405798977197123
0.306011371885578 -0.005538161420155388
0.5005743693040237 0.334795805512282
-0.06886395695972637 -0.0067805074835076634
-0.0694952250230383 -0.14744215783349932
-0.019857773160166518 0.1927265145640674
-0.1827810255851417 -0.605071083813496
-0.27230062620551093 0.06680572239314726
-0.6670930209952493 0.2006758725046001
0.2617264567238617 0.1144926998510603
0.1644629804175156 0.20912604252049885
-0.2205226648506401 -0.22327739057486884
-0.2858830188971445 0.2624305565699176
0.2458320548475057 -0.34920754026587736
-0.0442015502551147 -0.11540628849785345
0.332785331463936 0.4148031425823912
0.24611703143902372 -0.2575638711035472
0.1746422862453686 -0.3077039337330716
0.1492207143131406 0.15416685305163053
