0.40275230736830725 0.5394917580107161
0.6039805702474725 1.3777335497252656
0.7673655824713326 1.5117666555799154
0.4223995197043596 1.6142997426115753
0.5702990489481359 2.315039711242715
0.9311578104627798 3.6819959496448633
1.5004645047102385 4.185969475626129
1.4205173061134198 4.050625765330302
1.0034665760688437 4.885349171732033
1.0638307317655804 5.910476010202128
2.0084638559015824 6.6875246488980045
1.3463953951828014 6.755861631170425
0.995953024709519 7.463287370250422
1.3818050794672745 7.48176937316153
1.7917618170119494 8.800751176315313
2.556328542591486 8.330593305896102
1.755135940190688 8.782015143072744
0.7215540723746656 9.076915028058558
1.4171169616224724 10.462811182862673
1.721808671816654 11.132550189966675
1.135425995882672 10.53294130919895
1.8943163891337944 11.706360448619659
1.2919810609774585 12.443133578895742
1.615171020099356 13.215313245932451
1.8193540410277933 12.848099101074272
0.08218460660268789 12.62503968968784
0.005804104919355346 13.151258529051251
0.7144566371225309 13.242204655595557
0.9214826728606109 13.751298231234962
1.3575665886249588 13.219343686788108
0.2849877076913323 14.583720614392213
0.4797309434203214 13.87707836682688
1.07087073557181 14.953805115525348
1.975335704647744 13.678646544946982
0.4662453908338051 13.305502698639764
1.3586952348527879 12.509589610475029
0.3745120358060898 11.866891298289776
-0.2854036414070693 12.020008311195543
-0.047221491266844495 10.380613043990135
-0.22920043389636646 11.082100284593093
0.3190555411720908 10.583512833075718
-0.9093443310729317 10.008839949741057
-0.3120555634411284 8.560534325015437
-0.5005984594766248 8.249957331035972
-0.2350132625542769 7.5991674470502915
-0.9411993902424576 6.528398333178801
-0.06855131456368646 6.6727790618123795
-0.39909175325433077 6.874894436058203
-1.4278511425513438 5.7381274971318055
0.5153921308982525 5.135791422907449
-0.5608092297841485 4.970349258313331
-0.17994522253227752 4.80341947041183
0.09091175391556039 4.1001310119443914
0.4606418515342263 4.488383274531612
0.052563179646542224 2.8166214751122647
0.11888627691942211 1.86809390471922
0.19353158031055095 1.2647255639920274
-0.14972064038895094 1.7807358756882925
0.4369561368471039 1.6769916409618417
0.5180999512815324 1.899144953077499
0.71301055381851 1.997534364646218
0.375193747320794 0.7485184031876208
0.47435199559005004 0.6671750382106005
