0.7351596408785749 0.2761388323769529
0.6855986884532297 0.9448627797331606
0.3845539691764709 0.1832789344085335
0.40171479660018894 0.022169972983389408
0.664277435593741 0.08455600614100389
0.7072852301235012 0.5101026995544808
0.7880464643883417 0.5554329966211307
0.1557942746336224 0.5858739985672994
0.5265031048832877 0.7640046975636621
0.9523814582705028 0.6308750909619761
0.47312250140826173 0.49460227087732944
0.7582582625204355 0.19889341186517362
0.6967641401361564 0.8982979017343002
0.43842071880765865 0.4287721278790122
0.5401976381732869 0.8488881416475248
0.6631416145037403 0.18577881760762693
0.6488448541786384 0.536798777131147
0.3574855068727242 0.7021026458434952
0.6856961668521268 0.5143129168238818
0.2766997419520355 0.5074273427326461
0.5102669950621798 0.6310781583143056
0.07847236904143184 0.5868525987390654
0.8470108538122386 0.6838909097890778
0.6606428402726915 0.7542761063532673
0.2368932026549826 0.29970133345361716
0.017271779370181317 0.050983130523468034
0.11635506384017646 0.30916498937221626
0.08536212244288188 0.07926429526394496
0.3756216886168807 0.06074854580428213
0.966409712777516 0.45034198946199044
0.2856980207702269 0.11883496637558266
0.68164393774843 0.09095976863116928
