0.7216684798113331 0.46277168619564646
0.8209289503750553 0.2066079698463512
0.37408025531721734 0.24610421833632035
0.10611403574367084 0.8583194177000174
0.9745189995871247 0.9853400993084772
0.7587970316459999 0.7037332008120775
0.7411983471248478 0.478339185403289
0.4447351004203449 0.019996077367078535
0.1314195666516388 0.9355761977374211
0.9153353748580331 0.3316789472811439
0.9134477482177504 0.6208686923394772
0.4851661062743209 0.25805224242366087
0.054843676320218915 0.40377388070759235
0.5188291302545118 0.18668053092989323
0.4728582266648186 0.14587352841143553
0.5150773394783874 0.09169035607346931
0.16258720053461517 0.12160983417513571
0.13667067652430942 0.5097382512807116
0.8623285893151299 0.822367666325347
0.07734406829444407 0.8681879378986
0.899388531193551 0.3824069613394824
0.6253026382579466 0.504353240586363
0.32058563757851477 0.7354912244092523
0.6388067274826861 0.2967582480640302
0.7280268648088051 0.8595128690850307
0.1477382111132325 0.43107541406673844
0.005722885497739583 0.2261797484691661
0.3573734982301757 0.0830666966971767
0.16348060326732405 0.7507421711075319
0.4875243523714695 0.7955903742908768
0.4330654907004814 0.5339333443164876
0.8120435465954182 0.8704130004495353
